F03刘欣雨20130519.bmp,2020-08-20,667,536,720,604, 1, 18
F03刘欣雨20130519.bmp,2020-07-29,929,578,1084,760, 1, 24
F03刘欣雨20130519.bmp,2020-08-20,984,407,1130,584, 1, 16
F03刘欣雨20130519.bmp,2020-08-20,302,610,388,689, 1, 15
F03刘欣雨20130519.bmp,2020-08-20,309,403,452,512, 1, 14
F03刘欣雨20130519.bmp,2020-08-20,494,695,554,775, 1, 13
F03刘欣雨20130519.bmp,2020-08-20,635,724,726,783, 1, 12
F03刘欣雨20130519.bmp,2020-08-20,1033,766,1125,805, 1, 11
F03刘欣雨20130519.bmp,2020-07-29,513,452,551,489, 1, 21
F03刘欣雨20130519.bmp,2020-07-29,0,674,113,752, 1, 22
F03刘欣雨20130519.bmp,2020-07-29,115,551,325,749, 1, 23
